# written by siemensdirclass.py  CJE 7/10/21

[directions=61]
Normalisation = none
CoordinateSystem = xyz

vector[0] = (0.066042,0.996389,0.053365)
vector[1] = (-0.197936,0.495458,0.845779)
vector[2] = (0.256857,-0.585829,0.768654)
vector[3] = (-0.702744,-0.507748,0.498341)
vector[4] = (0.813508,-0.578233,-0.062058)
vector[5] = (0.825805,0.103849,0.554312)
vector[6] = (0.555199,0.740447,0.378803)
vector[7] = (0.036415,-0.055852,0.997775)
vector[8] = (-0.937095,0.043562,0.346345)
vector[9] = (-0.199968,-0.865116,0.459987)
vector[10] = (-0.356683,0.85752,0.370725)
vector[11] = (0.711156,-0.521238,0.471772)
vector[12] = (-0.556651,-0.007596,0.830712)
vector[13] = (-0.921415,-0.388399,0.011887)
vector[14] = (0.336118,0.380412,0.861575)
vector[15] = (-0.379188,0.892039,-0.245933)
vector[16] = (-0.274164,-0.475434,0.835941)
vector[17] = (-0.672867,0.462511,0.577351)
vector[18] = (0.615572,-0.082775,0.783722)
vector[19] = (0.580413,0.813958,0.02438)
vector[20] = (0.959601,-0.078081,0.270313)
vector[21] = (0.236383,0.809263,0.537788)
vector[22] = (-0.783756,-0.168342,0.597819)
vector[23] = (0.155602,-0.836028,0.526161)
vector[24] = (0.739159,0.451895,0.499434)
vector[25] = (0.552853,-0.830607,-0.066672)
vector[26] = (-0.256259,0.154151,0.954237)
vector[27] = (0.324296,-0.258502,0.90995)
vector[28] = (-0.313221,-0.938246,0.146922)
vector[29] = (-0.996699,-0.074532,0.032204)
vector[30] = (-0.41627,0.650719,0.635047)
vector[31] = (-0.423511,-0.662178,0.61819)
vector[32] = (0.885276,-0.40751,0.2241)
vector[33] = (0.11842,0.607212,0.785666)
vector[34] = (-0.766507,-0.616055,0.181501)
vector[35] = (-0.864986,0.37639,0.331859)
vector[36] = (-0.024701,0.933635,0.357372)
vector[37] = (0.025205,-0.387849,0.921378)
vector[38] = (0.61227,0.256188,0.747993)
vector[39] = (0.458667,-0.715745,0.526625)
vector[40] = (-0.491295,0.32614,0.807628)
vector[41] = (-0.78017,-0.5951,-0.19285)
vector[42] = (0.255655,-0.964692,-0.063331)
vector[43] = (-0.557333,-0.340449,0.757281)
vector[44] = (0.811014,-0.221622,0.541425)
vector[45] = (0.043395,0.282633,0.958246)
vector[46] = (-0.967061,0.249731,0.049274)
vector[47] = (-0.326883,-0.917291,-0.227428)
vector[48] = (-0.063482,-0.691472,0.719608)
vector[49] = (-0.647223,0.681775,0.341006)
vector[50] = (-0.900329,-0.294326,0.320592)
vector[51] = (0.547354,-0.412122,0.728395)
vector[52] = (0.470004,0.590868,0.655722)
vector[53] = (0.046808,-0.967541,0.24834)
vector[54] = (-0.280011,-0.170904,0.944662)
vector[55] = (0.922436,0.26042,0.28512)
vector[56] = (-0.113553,0.771535,0.62597)
vector[57] = (-0.768617,0.156595,0.620247)
vector[58] = (0.667514,-0.712896,0.214953)
vector[59] = (0.348611,0.065688,0.934963)
vector[60] = (-0.529212,-0.780306,0.333253)
